-8.139424324035644531e-01 -2.005100440979003906e+01 1.264237117767333984e+01
2.729620933532714844e-01 1.242311096191406250e+01 -1.539873409271240234e+01
-9.101152420043945312e-02 8.710035324096679688e+00 -8.780304908752441406e+00
3.505418300628662109e-01 1.388788223266601562e+01 -1.803368377685546875e+01
3.168432712554931641e-01 1.460751247406005859e+01 -1.218781185150146484e+01
3.459138870239257812e-01 -1.743004226684570312e+01 -4.743872642517089844e+00
7.103727012872695923e-02 -2.052102088928222656e+01 -3.020728826522827148e+00
1.872506588697433472e-01 -1.137418651580810547e+01 1.536989593505859375e+01
-2.251731455326080322e-01 7.551911354064941406e+00 -2.034983444213867188e+01
-1.109447255730628967e-01 -1.075321292877197266e+01 1.273268014192581177e-01
5.310576036572456360e-02 -1.698587608337402344e+01 -8.842783927917480469e+00
1.251993179321289062e-01 2.079682159423828125e+01 4.784893035888671875e+00
1.737764850258827209e-02 3.552538156509399414e+00 4.030638694763183594e+00
9.886469691991806030e-02 -7.314020156860351562e+00 -1.766879558563232422e+00
-8.218815922737121582e-02 -6.461571693420410156e+00 1.006976890563964844e+01
-1.842097938060760498e-01 9.098917961120605469e+00 1.355902862548828125e+01
1.921362429857254028e-01 -1.117360591888427734e+01 -2.164744758605957031e+01
1.477731168270111084e-01 6.595939636230468750e+00 1.851394891738891602e+00
-1.689301431179046631e-02 -6.789730072021484375e+00 -5.927317619323730469e+00
6.050862371921539307e-02 1.030685043334960938e+01 2.714799642562866211e+00
-4.092736244201660156e-01 2.068008232116699219e+01 1.370774650573730469e+01
4.754722118377685547e-02 9.867531776428222656e+00 -1.210496187210083008e+00
2.458155155181884766e-03 1.109421920776367188e+01 1.972709083557128906e+01
-4.914647638797760010e-01 1.513781929016113281e+01 1.843921852111816406e+01
1.434637010097503662e-01 -8.993090629577636719e+00 -1.587872886657714844e+01
-5.749269127845764160e-01 -1.517836952209472656e+01 5.356035709381103516e+00
5.491307973861694336e-01 1.997914505004882812e+01 1.314330863952636719e+01
2.803895473480224609e-01 -1.269342994689941406e+01 -1.434366416931152344e+01
-1.996371448040008545e-01 2.524999380111694336e+00 -1.176616764068603516e+01
-1.016947388648986816e+00 -2.220702552795410156e+01 6.359281063079833984e+00
6.432340145111083984e-01 -1.443583297729492188e+01 -1.966523170471191406e+01
6.732612103223800659e-02 3.035254716873168945e+00 3.724537044763565063e-02
-8.011440746486186981e-03 8.489061594009399414e-01 -8.208446502685546875e+00
-1.208762079477310181e-01 2.067553520202636719e+01 4.415853023529052734e-01
-3.155156373977661133e-01 2.591938734054565430e+00 1.208694934844970703e+01
-2.240565419197082520e-01 -1.141191673278808594e+01 4.394875526428222656e+00
3.290586471557617188e-01 1.769768142700195312e+01 -5.210811138153076172e+00
-4.899592697620391846e-02 1.730854797363281250e+01 6.740365982055664062e+00
-1.389835029840469360e-01 -7.475846260786056519e-02 5.746135234832763672e+00
6.486988067626953125e-02 -1.758431816101074219e+01 -6.680029034614562988e-01
-7.931401133537292480e-01 -1.819697380065917969e+01 3.320535659790039062e+00
2.670841813087463379e-01 1.656688117980957031e+01 -8.979181289672851562e+00
1.475363075733184814e-01 -1.828188323974609375e+01 1.578930187225341797e+01
4.733083844184875488e-01 -1.664481997489929199e+00 -1.846005630493164062e+01
8.843496441841125488e-03 1.585688781738281250e+01 1.450848102569580078e+01
-2.807926945388317108e-02 -9.699193000793457031e+00 8.773481369018554688e+00
1.883386373519897461e-01 1.338302230834960938e+01 2.111546134948730469e+01
9.055232629179954529e-03 -3.927264213562011719e-01 -4.925860881805419922e+00
3.142530620098114014e-01 1.059466838836669922e+01 -5.220803260803222656e+00
2.273879200220108032e-02 -3.492793798446655273e+00 7.534806728363037109e+00
3.159560263156890869e-02 1.689843177795410156e+01 -1.632193946838378906e+01
-3.056417107582092285e-01 -1.232953357696533203e+01 7.363116264343261719e+00
-1.812352687120437622e-01 1.302058982849121094e+01 1.230520820617675781e+01
-3.748582005500793457e-01 -4.956837177276611328e+00 1.405191898345947266e+01
1.630851030349731445e-01 8.298779487609863281e+00 1.760881614685058594e+01
-1.058748841285705566e+00 -2.238381195068359375e+01 -1.033855199813842773e+00
3.701942861080169678e-01 -1.206246280670166016e+01 -1.833355522155761719e+01
-5.721318125724792480e-01 -2.324920463562011719e+01 2.694562435150146484e+00
-1.162885576486587524e-01 3.229695931077003479e-02 9.376327514648437500e+00
-2.437447458505630493e-01 1.221879196166992188e+01 1.617611312866210938e+01
6.440261378884315491e-03 1.347695636749267578e+01 9.543439149856567383e-01
-4.777131974697113037e-01 -7.246812820434570312e+00 1.722450828552246094e+01
-3.212122619152069092e-01 6.477680683135986328e+00 -1.193120384216308594e+01
2.700564265251159668e-01 -5.956939220428466797e+00 -1.337366867065429688e+01
1.602146923542022705e-01 5.969081878662109375e+00 -1.803050637245178223e+00
5.681751966476440430e-01 5.792046070098876953e+00 2.294507980346679688e+01
7.930821180343627930e-02 -2.503012180328369141e+00 1.689179420471191406e+01
6.258393526077270508e-01 1.766506552696228027e+00 2.333802413940429688e+01
7.524119615554809570e-01 -1.396066951751708984e+01 -2.078344535827636719e+01
-4.713358730077743530e-02 -3.923607826232910156e+00 -3.493921041488647461e+00
1.138891428709030151e-01 5.376837730407714844e+00 1.459849834442138672e+01
8.046408742666244507e-02 -1.918015718460083008e+00 -1.166681194305419922e+01
-2.161287888884544373e-02 -1.571638733148574829e-01 1.948354363441467285e+00
7.909202575683593750e-01 -1.878498458862304688e+01 -1.486760330200195312e+01
8.569084852933883667e-02 -9.762073516845703125e+00 -7.926304817199707031e+00
-8.058845996856689453e-02 1.866209983825683594e+01 -1.178833103179931641e+01
4.910841211676597595e-02 -3.419703841209411621e-01 -1.593888044357299805e+00
2.681090831756591797e-01 -1.341204261779785156e+01 -6.378421783447265625e+00
5.221267044544219971e-02 -1.216939258575439453e+01 1.158704853057861328e+01
1.859172582626342773e-01 6.217017650604248047e+00 -1.868723869323730469e+01
-8.289762586355209351e-02 2.049157905578613281e+01 -3.476090192794799805e+00
2.373782992362976074e-01 1.044804763793945312e+01 -1.881830596923828125e+01
-3.470112755894660950e-02 -4.042268753051757812e+00 2.029110717773437500e+01
-5.073992609977722168e-01 4.486853122711181641e+00 -1.518190002441406250e+01
1.083672791719436646e-01 1.385469722747802734e+01 4.621879100799560547e+00
1.215773820877075195e-02 9.509189605712890625e+00 2.201245689392089844e+01
1.449951380491256714e-01 -1.104424667358398438e+01 1.914800834655761719e+01
-1.071887016296386719e-01 3.451217412948608398e+00 7.936777591705322266e+00
-1.995486021041870117e-02 -1.943815994262695312e+01 1.619981575012207031e+01
-6.718882918357849121e-02 -2.105650520324707031e+01 1.062890052795410156e+00
2.636343240737915039e-01 8.486081123352050781e+00 -1.537276077270507812e+01
3.090533018112182617e-01 -9.563049316406250000e+00 -1.197326183319091797e+01
6.180901825428009033e-02 -2.862467765808105469e+00 -2.287662887573242188e+01
3.131866455078125000e-02 9.929381370544433594e+00 9.920091629028320312e+00
-5.875802040100097656e-01 -1.544943809509277344e+01 9.621304512023925781e+00
4.093134403228759766e-02 1.896544265747070312e+01 -1.361443519592285156e+01
-3.450207114219665527e-01 -6.768659114837646484e+00 -2.183825492858886719e+01
-2.008825540542602539e-01 4.770801067352294922e+00 -8.435483932495117188e+00
2.841394841670989990e-01 -1.457795333862304688e+01 1.756746482849121094e+01
-4.488284885883331299e-02 -1.951685333251953125e+01 -6.714916229248046875e+00
1.521306037902832031e-01 -1.559903049468994141e+01 -1.640920639038085938e+01
-1.063826084136962891e-01 1.029462909698486328e+01 6.048574924468994141e+00
4.677810892462730408e-02 -8.557769775390625000e+00 1.300901031494140625e+01
1.087227344512939453e+00 -1.940774536132812500e+01 -1.576466846466064453e+01
5.324881076812744141e-01 1.852536582946777344e+01 1.650815582275390625e+01
9.067565947771072388e-02 -1.031260299682617188e+01 -4.018310546875000000e+00
-7.596282958984375000e-01 -1.422021102905273438e+01 1.643107771873474121e+00
1.480867862701416016e-01 1.712082290649414062e+01 2.481890678405761719e+00
8.021935820579528809e-02 -1.858975028991699219e+01 -1.039168643951416016e+01
2.941361963748931885e-01 -1.340356063842773438e+01 -1.036983585357666016e+01
1.983339786529541016e-01 2.238543319702148438e+01 -1.628980040550231934e+00
1.063382625579833984e-01 -1.294340133666992188e+01 1.974481582641601562e+01
2.629681825637817383e-01 1.048962688446044922e+01 -1.200743484497070312e+01
1.577742397785186768e-02 -7.929931879043579102e-01 1.348066616058349609e+01
3.914111256599426270e-01 7.343162536621093750e+00 2.142084121704101562e+01
7.828256487846374512e-02 1.880021840333938599e-01 1.956055068969726562e+01
5.893213152885437012e-01 -5.194130420684814453e+00 2.205121612548828125e+01
3.834049701690673828e-01 2.149344253540039062e+01 1.027552413940429688e+01
6.889307498931884766e-01 -1.784020614624023438e+01 -1.868162918090820312e+01
8.424059152603149414e-01 4.441153049468994141e+00 1.897845268249511719e+01
-8.842410147190093994e-02 3.700624942779541016e+00 -2.137195396423339844e+01
3.600903749465942383e-01 -2.858630895614624023e+00 -1.473451519012451172e+01
4.017977118492126465e-01 1.237901210784912109e+01 -8.788198471069335938e+00
1.873888671398162842e-01 7.019291400909423828e+00 -5.265346050262451172e+00
2.018210589885711670e-01 -9.469311714172363281e+00 2.146806335449218750e+01
-3.277476727962493896e-01 -7.061198234558105469e+00 5.889380455017089844e+00
-4.702465236186981201e-01 2.234084129333496094e+01 2.360489368438720703e+00
1.043942011892795563e-02 -3.851622819900512695e+00 2.568910121917724609e-01
1.028946042060852051e-01 -1.655156898498535156e+01 1.845768737792968750e+01
3.006169497966766357e-01 1.430150127410888672e+01 -5.551313877105712891e+00
4.706730842590332031e-01 1.265737247467041016e+01 -2.378034353256225586e+00
-4.041957855224609375e-02 6.137008190155029297e+00 1.049937820434570312e+01
-6.667231321334838867e-01 2.203622245788574219e+01 6.502492904663085938e+00
9.141331315040588379e-01 3.113138198852539062e+00 2.211932563781738281e+01
-1.208519339561462402e-01 2.089326858520507812e+01 -1.005639362335205078e+01
9.939195513725280762e-01 2.182096862792968750e+01 -6.014364242553710938e+00
-1.236499786376953125e+00 -2.103060340881347656e+01 9.129995346069335938e+00
1.292028576135635376e-01 -3.145867586135864258e+00 -7.579095840454101562e+00
1.209828928112983704e-01 2.239134788513183594e+00 -1.892489051818847656e+01
-7.482330799102783203e-01 -2.157609558105468750e+01 5.178258419036865234e+00
4.873582720756530762e-02 2.028191947937011719e+01 -8.035790443420410156e+00
-2.466232329607009888e-01 -7.500731945037841797e+00 2.170778751373291016e+00
-1.255346834659576416e-01 -4.433383941650390625e+00 -2.083920097351074219e+01
-2.305540740489959717e-01 1.645427322387695312e+01 1.062778091430664062e+01
-4.150537252426147461e-01 1.362869930267333984e+01 8.394050598144531250e+00
-8.404767513275146484e-02 -1.631421279907226562e+01 -1.275068092346191406e+01
-8.108070492744445801e-02 6.287869811058044434e-01 -1.519705200195312500e+01
-1.016302108764648438e+00 1.644182586669921875e+01 1.889588356018066406e+01
-6.934800744056701660e-01 1.123029041290283203e+01 -2.017864227294921875e+01
4.193049073219299316e-01 -6.180083751678466797e+00 -9.851681709289550781e+00
-2.163169384002685547e-01 1.658961677551269531e+01 -1.536232757568359375e+01
4.037588238716125488e-01 1.064811825752258301e+00 -2.226349830627441406e+01
-8.808405995368957520e-01 -1.864977836608886719e+01 7.497457981109619141e+00
2.855585888028144836e-02 3.241500377655029297e+00 -4.457809448242187500e+00
2.913510501384735107e-01 -8.652295112609863281e+00 -2.013869667053222656e+01
-2.369555234909057617e-01 1.694884419441223145e+00 1.600060462951660156e+01
-5.150818228721618652e-01 -3.027405977249145508e+00 1.074691200256347656e+01
6.938841938972473145e-01 -1.182667613029479980e+00 2.242461776733398438e+01
3.976520523428916931e-02 1.740975379943847656e+01 -1.671692967414855957e+00
2.420699894428253174e-01 -1.402016925811767578e+01 -2.306013584136962891e+00
1.278131306171417236e-01 2.030168151855468750e+01 8.842342376708984375e+00
3.582942783832550049e-01 -5.540392875671386719e+00 -1.749350357055664062e+01
-1.991793513298034668e-01 7.137850284576416016e+00 6.319384098052978516e+00
5.347586870193481445e-01 -2.976995110511779785e-01 -2.214061737060546875e+01
-1.668484658002853394e-01 -3.722719669342041016e+00 3.968189716339111328e+00
-3.752898871898651123e-01 -1.876714324951171875e+01 1.162139797210693359e+01
-6.442461013793945312e-01 -2.124340438842773438e+01 -4.541697502136230469e+00
-3.371923565864562988e-01 -7.420184612274169922e+00 2.007410049438476562e+01
-1.454269438982009888e-01 -1.500481510162353516e+01 1.364150810241699219e+01
